138.000000
130.500000
130.500000
130.500000
112.500000
112.500000
112.500000
112.500000
120.000000
6292500.000000
112.500000
112.500000
112.500000
112.500000
112.500000
112.500000
112.500000
112.500000
120.000000
6292500.000000
120.000000
120.000000
120.000000
120.000000
120.000000
120.000000
120.000000
120.000000
120.000000
0.000000
112.500000
112.500000
112.500000
112.500000
112.500000
112.500000
112.500000
112.500000
120.000000
6292500.000000
127.500000
127.500000
0.000000
0.000000
0.000000
0.000000
0.000000
0.000000
0.000000
0.000000
130.500000
120.000000
120.000000
120.000000
120.000000
120.000000
120.000000
120.000000
120.000000
0.000000
